1 96 0 32 32 0 0
1 96 32 32 32 0 32
1 96 32 32 32 0 64
1 96 32 32 32 0 96
1 96 32 32 32 0 128
1 96 32 32 32 0 160
1 96 32 32 32 0 192
1 96 32 32 32 0 224
1 0 32 32 32 0 256
1 0 32 32 32 0 288
1 0 32 32 32 0 320
1 0 32 32 32 0 352
1 0 32 32 32 0 384
1 0 32 32 32 0 416
1 0 64 32 32 0 448
1 64 0 32 32 32 256
1 32 32 32 32 32 288
1 32 32 32 32 32 320
1 32 32 32 32 32 352
1 32 32 32 32 32 384
1 32 32 32 32 32 416
1 32 64 32 32 32 448
1 64 0 32 32 64 288
1 32 32 32 32 64 320
1 32 32 32 32 64 352
1 32 32 32 32 64 384
1 32 32 32 32 64 416
1 32 64 32 32 64 448
1 32 0 32 32 96 320
1 32 32 32 32 96 352
1 32 32 32 32 96 384
1 32 32 32 32 96 416
1 32 64 32 32 96 448
1 32 0 32 32 128 320
1 32 32 32 32 128 352
1 32 32 32 32 128 384
1 32 32 32 32 128 416
1 32 64 32 32 128 448
1 32 0 32 32 160 320
1 32 32 32 32 160 352
1 32 32 32 32 160 384
1 32 32 32 32 160 416
1 32 64 32 32 160 448
1 0 0 32 32 192 288
1 32 32 32 32 192 320
1 32 32 32 32 192 352
1 32 32 32 32 192 384
1 32 32 32 32 192 416
1 32 64 32 32 192 448
1 0 0 32 32 224 256
1 32 32 32 32 224 288
1 32 32 32 32 224 320
1 32 32 32 32 224 352
1 32 32 32 32 224 384
1 32 32 32 32 224 416
1 32 64 32 32 224 448
1 0 0 32 32 256 224
1 32 32 32 32 256 256
1 32 32 32 32 256 288
1 32 32 32 32 256 320
1 32 32 32 32 256 352
1 32 32 32 32 256 384
1 32 32 32 32 256 416
1 32 64 32 32 256 448
1 32 0 32 32 288 224
1 32 32 32 32 288 256
1 32 32 32 32 288 288
1 32 32 32 32 288 320
1 32 32 32 32 288 352
1 32 32 32 32 288 384
1 32 32 32 32 288 416
1 32 64 32 32 288 448
1 32 0 32 32 320 224
1 32 32 32 32 320 256
1 32 32 32 32 320 288
1 32 32 32 32 320 320
1 32 32 32 32 320 352
1 32 32 32 32 320 384
1 32 32 32 32 320 416
1 32 64 32 32 320 448
1 32 0 32 32 352 224
1 32 32 32 32 352 256
1 32 32 32 32 352 288
1 32 32 32 32 352 320
1 32 32 32 32 352 352
1 32 32 32 32 352 384
1 32 32 32 32 352 416
1 32 64 32 32 352 448
1 32 0 32 32 384 224
1 32 32 32 32 384 256
1 32 32 32 32 384 288
1 32 32 32 32 384 320
1 32 32 32 32 384 352
1 32 32 32 32 384 384
1 32 32 32 32 384 416
1 32 64 32 32 384 448
1 0 0 32 32 416 192
1 32 32 32 32 416 224
1 32 32 32 32 416 256
1 32 32 32 32 416 288
1 32 32 32 32 416 320
1 32 32 32 32 416 352
1 32 32 32 32 416 384
1 32 32 32 32 416 416
1 32 64 32 32 416 448
1 32 0 32 32 448 192
1 32 32 32 32 448 224
1 32 32 32 32 448 256
1 32 32 32 32 448 288
1 32 32 32 32 448 320
1 32 32 32 32 448 352
1 32 32 32 32 448 384
1 32 32 32 32 448 416
1 32 64 32 32 448 448
1 32 0 32 32 480 192
1 32 32 32 32 480 224
1 32 32 32 32 480 256
1 32 32 32 32 480 288
1 32 32 32 32 480 320
1 32 32 32 32 480 352
1 32 32 32 32 480 384
1 32 32 32 32 480 416
1 32 64 32 32 480 448
1 32 0 32 32 512 192
1 32 32 32 32 512 224
1 32 32 32 32 512 256
1 32 32 32 32 512 288
1 32 32 32 32 512 320
1 32 32 32 32 512 352
1 32 32 32 32 512 384
1 32 32 32 32 512 416
1 32 64 32 32 512 448
1 32 0 32 32 544 192
1 32 32 32 32 544 224
1 32 32 32 32 544 256
1 32 32 32 32 544 288
1 32 32 32 32 544 320
1 32 32 32 32 544 352
1 32 32 32 32 544 384
1 32 32 32 32 544 416
1 32 64 32 32 544 448
1 32 0 32 32 576 192
1 32 32 32 32 576 224
1 32 32 32 32 576 256
1 32 32 32 32 576 288
1 32 32 32 32 576 320
1 32 32 32 32 576 352
1 32 32 32 32 576 384
1 32 32 32 32 576 416
1 32 64 32 32 576 448
1 64 0 32 32 608 192
1 32 32 32 32 608 224
1 32 32 32 32 608 256
1 32 32 32 32 608 288
1 32 32 32 32 608 320
1 32 32 32 32 608 352
1 32 32 32 32 608 384
1 32 32 32 32 608 416
1 32 64 32 32 608 448
1 64 0 32 32 640 224
1 32 32 32 32 640 256
1 32 32 32 32 640 288
1 32 32 32 32 640 320
1 32 32 32 32 640 352
1 32 32 32 32 640 384
1 32 32 32 32 640 416
1 32 64 32 32 640 448
1 32 0 32 32 672 256
1 32 32 32 32 672 288
1 32 32 32 32 672 320
1 32 32 32 32 672 352
1 32 32 32 32 672 384
1 32 32 32 32 672 416
1 32 64 32 32 672 448
1 32 0 32 32 704 256
1 32 32 32 32 704 288
1 32 32 32 32 704 320
1 32 32 32 32 704 352
1 32 32 32 32 704 384
1 32 32 32 32 704 416
1 32 64 32 32 704 448
1 64 0 32 32 736 256
1 32 32 32 32 736 288
1 32 32 32 32 736 320
1 32 32 32 32 736 352
1 32 32 32 32 736 384
1 32 32 32 32 736 416
1 32 64 32 32 736 448
1 32 0 32 32 768 288
1 32 32 32 32 768 320
1 32 32 32 32 768 352
1 32 32 32 32 768 384
1 32 32 32 32 768 416
1 32 64 32 32 768 448
1 32 0 32 32 800 288
1 32 32 32 32 800 320
1 32 32 32 32 800 352
1 32 32 32 32 800 384
1 32 32 32 32 800 416
1 32 64 32 32 800 448
1 32 0 32 32 832 288
1 32 32 32 32 832 320
1 32 32 32 32 832 352
1 32 32 32 32 832 384
1 32 32 32 32 832 416
1 32 64 32 32 832 448
1 32 0 32 32 864 288
1 32 32 32 32 864 320
1 32 32 32 32 864 352
1 32 32 32 32 864 384
1 32 32 32 32 864 416
1 32 64 32 32 864 448
1 32 0 32 32 896 288
1 32 32 32 32 896 320
1 32 32 32 32 896 352
1 32 32 32 32 896 384
1 32 32 32 32 896 416
1 32 64 32 32 896 448
1 32 0 32 32 928 288
1 32 32 32 32 928 320
1 32 32 32 32 928 352
1 32 32 32 32 928 384
1 32 32 32 32 928 416
1 32 64 32 32 928 448
1 64 0 32 32 960 288
1 32 32 32 32 960 320
1 32 32 32 32 960 352
1 32 32 32 32 960 384
1 32 32 32 32 960 416
1 32 64 32 32 960 448
1 32 0 32 32 992 320
1 32 32 32 32 992 352
1 32 32 32 32 992 384
1 32 32 32 32 992 416
1 32 64 32 32 992 448
1 32 0 32 32 1024 320
1 32 32 32 32 1024 352
1 32 32 32 32 1024 384
1 32 32 32 32 1024 416
1 32 64 32 32 1024 448
1 32 0 32 32 1056 320
1 32 32 32 32 1056 352
1 32 32 32 32 1056 384
1 32 32 32 32 1056 416
1 32 64 32 32 1056 448
1 32 0 32 32 1088 320
1 32 32 32 32 1088 352
1 32 32 32 32 1088 384
1 32 32 32 32 1088 416
1 32 64 32 32 1088 448
1 0 0 32 32 1120 288
1 32 32 32 32 1120 320
1 32 32 32 32 1120 352
1 32 32 32 32 1120 384
1 32 32 32 32 1120 416
1 32 64 32 32 1120 448
1 32 0 32 32 1152 288
1 32 32 32 32 1152 320
1 32 32 32 32 1152 352
1 32 32 32 32 1152 384
1 32 32 32 32 1152 416
1 32 64 32 32 1152 448
1 32 0 32 32 1184 288
1 32 32 32 32 1184 320
1 32 32 32 32 1184 352
1 32 32 32 32 1184 384
1 32 32 32 32 1184 416
1 32 64 32 32 1184 448
1 64 0 32 32 1216 288
1 32 32 32 32 1216 320
1 32 32 32 32 1216 352
1 32 32 32 32 1216 384
1 32 32 32 32 1216 416
1 32 64 32 32 1216 448
1 32 0 32 32 1248 320
1 32 32 32 32 1248 352
1 32 32 32 32 1248 384
1 32 32 32 32 1248 416
1 32 64 32 32 1248 448
1 32 0 32 32 1280 320
1 32 32 32 32 1280 352
1 32 32 32 32 1280 384
1 32 32 32 32 1280 416
1 32 64 32 32 1280 448
1 32 0 32 32 1312 320
1 32 32 32 32 1312 352
1 32 32 32 32 1312 384
1 32 32 32 32 1312 416
1 32 64 32 32 1312 448
1 96 0 32 32 1344 224
1 0 32 32 32 1344 256
1 0 32 32 32 1344 288
1 32 32 32 32 1344 320
1 32 32 32 32 1344 352
1 32 32 32 32 1344 384
1 32 32 32 32 1344 416
1 32 64 32 32 1344 448
1 64 0 32 32 1376 256
1 32 32 32 32 1376 288
1 32 32 32 32 1376 320
1 32 32 32 32 1376 352
1 32 32 32 32 1376 384
1 32 32 32 32 1376 416
1 32 64 32 32 1376 448
1 32 0 32 32 1408 288
1 32 32 32 32 1408 320
1 32 32 32 32 1408 352
1 32 32 32 32 1408 384
1 32 32 32 32 1408 416
1 32 64 32 32 1408 448
1 32 0 32 32 1440 288
1 32 32 32 32 1440 320
1 32 32 32 32 1440 352
1 32 32 32 32 1440 384
1 32 32 32 32 1440 416
1 32 64 32 32 1440 448
1 96 0 32 32 1472 192
1 96 32 32 32 1472 224
1 0 32 32 32 1472 256
1 32 32 32 32 1472 288
1 32 32 32 32 1472 320
1 32 32 32 32 1472 352
1 32 32 32 32 1472 384
1 32 32 32 32 1472 416
1 32 64 32 32 1472 448
1 32 0 32 32 1504 256
1 32 32 32 32 1504 288
1 32 32 32 32 1504 320
1 32 32 32 32 1504 352
1 32 32 32 32 1504 384
1 32 32 32 32 1504 416
1 32 64 32 32 1504 448
1 32 0 32 32 1536 256
1 32 32 32 32 1536 288
1 32 32 32 32 1536 320
1 32 32 32 32 1536 352
1 32 32 32 32 1536 384
1 32 32 32 32 1536 416
1 32 64 32 32 1536 448
1 64 0 32 32 1568 256
1 32 32 32 32 1568 288
1 32 32 32 32 1568 320
1 32 32 32 32 1568 352
1 32 32 32 32 1568 384
1 32 32 32 32 1568 416
1 32 64 32 32 1568 448
1 32 0 32 32 1600 288
1 32 32 32 32 1600 320
1 32 32 32 32 1600 352
1 32 32 32 32 1600 384
1 32 32 32 32 1600 416
1 32 64 32 32 1600 448
1 32 0 32 32 1632 288
1 32 32 32 32 1632 320
1 32 32 32 32 1632 352
1 32 32 32 32 1632 384
1 32 32 32 32 1632 416
1 32 64 32 32 1632 448
1 32 0 32 32 1664 288
1 32 32 32 32 1664 320
1 32 32 32 32 1664 352
1 32 32 32 32 1664 384
1 32 32 32 32 1664 416
1 32 64 32 32 1664 448
1 0 0 32 32 1696 256
1 32 32 32 32 1696 288
1 32 32 32 32 1696 320
1 32 32 32 32 1696 352
1 32 32 32 32 1696 384
1 32 32 32 32 1696 416
1 32 64 32 32 1696 448
1 96 0 32 32 1728 128
1 96 32 32 32 1728 160
1 96 32 32 32 1728 192
1 96 32 32 32 1728 224
1 64 32 32 32 1728 256
1 64 32 32 32 1728 288
1 32 32 32 32 1728 320
1 32 32 32 32 1728 352
1 32 32 32 32 1728 384
1 32 32 32 32 1728 416
1 32 64 32 32 1728 448
1 32 0 32 32 1760 320
1 32 32 32 32 1760 352
1 32 32 32 32 1760 384
1 32 32 32 32 1760 416
1 32 64 32 32 1760 448
1 32 0 32 32 1792 320
1 32 32 32 32 1792 352
1 32 32 32 32 1792 384
1 32 32 32 32 1792 416
1 32 64 32 32 1792 448
1 32 0 32 32 1824 320
1 32 32 32 32 1824 352
1 32 32 32 32 1824 384
1 32 32 32 32 1824 416
1 32 64 32 32 1824 448
1 32 0 32 32 1856 320
1 32 32 32 32 1856 352
1 32 32 32 32 1856 384
1 32 32 32 32 1856 416
1 32 64 32 32 1856 448
1 32 0 32 32 1888 320
1 32 32 32 32 1888 352
1 32 32 32 32 1888 384
1 32 32 32 32 1888 416
1 32 64 32 32 1888 448
1 0 0 32 32 1920 288
1 32 32 32 32 1920 320
1 32 32 32 32 1920 352
1 32 32 32 32 1920 384
1 32 32 32 32 1920 416
1 32 64 32 32 1920 448
1 32 0 32 32 1952 288
1 32 32 32 32 1952 320
1 32 32 32 32 1952 352
1 32 32 32 32 1952 384
1 32 32 32 32 1952 416
1 32 64 32 32 1952 448
1 0 0 32 32 1984 256
1 32 32 32 32 1984 288
1 32 32 32 32 1984 320
1 32 32 32 32 1984 352
1 32 32 32 32 1984 384
1 32 32 32 32 1984 416
1 32 64 32 32 1984 448
1 32 0 32 32 2016 256
1 32 32 32 32 2016 288
1 32 32 32 32 2016 320
1 32 32 32 32 2016 352
1 32 32 32 32 2016 384
1 32 32 32 32 2016 416
1 32 64 32 32 2016 448
1 64 0 32 32 2048 256
1 32 32 32 32 2048 288
1 32 32 32 32 2048 320
1 32 32 32 32 2048 352
1 32 32 32 32 2048 384
1 32 32 32 32 2048 416
1 32 64 32 32 2048 448
1 32 0 32 32 2080 288
1 32 32 32 32 2080 320
1 32 32 32 32 2080 352
1 32 32 32 32 2080 384
1 32 32 32 32 2080 416
1 32 64 32 32 2080 448
1 32 0 32 32 2112 288
1 32 32 32 32 2112 320
1 32 32 32 32 2112 352
1 32 32 32 32 2112 384
1 32 32 32 32 2112 416
1 32 64 32 32 2112 448
1 32 0 32 32 2144 288
1 32 32 32 32 2144 320
1 32 32 32 32 2144 352
1 32 32 32 32 2144 384
1 32 32 32 32 2144 416
1 32 64 32 32 2144 448
1 96 0 32 32 2176 256
1 32 32 32 32 2176 288
1 32 32 32 32 2176 320
1 32 32 32 32 2176 352
1 32 32 32 32 2176 384
1 32 32 32 32 2176 416
1 32 64 32 32 2176 448
1 32 0 32 32 2208 288
1 32 32 32 32 2208 320
1 32 32 32 32 2208 352
1 32 32 32 32 2208 384
1 32 32 32 32 2208 416
1 32 64 32 32 2208 448
1 32 0 32 32 2240 288
1 32 32 32 32 2240 320
1 32 32 32 32 2240 352
1 32 32 32 32 2240 384
1 32 32 32 32 2240 416
1 32 64 32 32 2240 448
1 32 0 32 32 2272 288
1 32 32 32 32 2272 320
1 32 32 32 32 2272 352
1 32 32 32 32 2272 384
1 32 32 32 32 2272 416
1 32 64 32 32 2272 448
1 64 0 32 32 2304 288
1 32 32 32 32 2304 320
1 32 32 32 32 2304 352
1 32 32 32 32 2304 384
1 32 32 32 32 2304 416
1 32 64 32 32 2304 448
1 32 0 32 32 2336 320
1 32 32 32 32 2336 352
1 32 32 32 32 2336 384
1 32 32 32 32 2336 416
1 32 64 32 32 2336 448
1 0 96 32 32 2368 192
1 32 0 32 32 2368 320
1 32 32 32 32 2368 352
1 32 32 32 32 2368 384
1 32 32 32 32 2368 416
1 32 64 32 32 2368 448
1 32 96 32 32 2400 192
1 32 0 32 32 2400 320
1 32 32 32 32 2400 352
1 32 32 32 32 2400 384
1 32 32 32 32 2400 416
1 32 64 32 32 2400 448
1 32 96 32 32 2432 192
1 32 0 32 32 2432 320
1 32 32 32 32 2432 352
1 32 32 32 32 2432 384
1 32 32 32 32 2432 416
1 32 64 32 32 2432 448
1 32 96 32 32 2464 192
1 32 0 32 32 2464 320
1 32 32 32 32 2464 352
1 32 32 32 32 2464 384
1 32 32 32 32 2464 416
1 32 64 32 32 2464 448
1 64 96 32 32 2496 192
1 32 0 32 32 2496 320
1 32 32 32 32 2496 352
1 32 32 32 32 2496 384
1 32 32 32 32 2496 416
1 32 64 32 32 2496 448
1 32 0 32 32 2528 320
1 32 32 32 32 2528 352
1 32 32 32 32 2528 384
1 32 32 32 32 2528 416
1 32 64 32 32 2528 448
1 32 0 32 32 2560 320
1 32 32 32 32 2560 352
1 32 32 32 32 2560 384
1 32 32 32 32 2560 416
1 32 64 32 32 2560 448
1 32 0 32 32 2592 320
1 32 32 32 32 2592 352
1 32 32 32 32 2592 384
1 32 32 32 32 2592 416
1 32 64 32 32 2592 448
1 32 0 32 32 2624 320
1 32 32 32 32 2624 352
1 32 32 32 32 2624 384
1 32 32 32 32 2624 416
1 32 64 32 32 2624 448
1 0 0 32 32 2656 288
1 32 32 32 32 2656 320
1 32 32 32 32 2656 352
1 32 32 32 32 2656 384
1 32 32 32 32 2656 416
1 32 64 32 32 2656 448
1 32 0 32 32 2688 288
1 32 32 32 32 2688 320
1 32 32 32 32 2688 352
1 32 32 32 32 2688 384
1 32 32 32 32 2688 416
1 32 64 32 32 2688 448
1 32 0 32 32 2720 288
1 32 32 32 32 2720 320
1 32 32 32 32 2720 352
1 32 32 32 32 2720 384
1 32 32 32 32 2720 416
1 32 64 32 32 2720 448
1 32 0 32 32 2752 288
1 32 32 32 32 2752 320
1 32 32 32 32 2752 352
1 32 32 32 32 2752 384
1 32 32 32 32 2752 416
1 32 64 32 32 2752 448
1 0 0 32 32 2784 256
1 32 32 32 32 2784 288
1 32 32 32 32 2784 320
1 32 32 32 32 2784 352
1 32 32 32 32 2784 384
1 32 32 32 32 2784 416
1 32 64 32 32 2784 448
1 64 0 32 32 2816 256
1 32 32 32 32 2816 288
1 32 32 32 32 2816 320
1 32 32 32 32 2816 352
1 32 32 32 32 2816 384
1 32 32 32 32 2816 416
1 32 64 32 32 2816 448
1 32 0 32 32 2848 288
1 32 32 32 32 2848 320
1 32 32 32 32 2848 352
1 32 32 32 32 2848 384
1 32 32 32 32 2848 416
1 32 64 32 32 2848 448
1 64 0 32 32 2880 288
1 32 32 32 32 2880 320
1 32 32 32 32 2880 352
1 32 32 32 32 2880 384
1 32 32 32 32 2880 416
1 32 64 32 32 2880 448
1 32 0 32 32 2912 320
1 32 32 32 32 2912 352
1 32 32 32 32 2912 384
1 32 32 32 32 2912 416
1 32 64 32 32 2912 448
1 32 0 32 32 2944 320
1 32 32 32 32 2944 352
1 32 32 32 32 2944 384
1 32 32 32 32 2944 416
1 32 64 32 32 2944 448
1 0 0 32 32 2976 288
1 32 32 32 32 2976 320
1 32 32 32 32 2976 352
1 32 32 32 32 2976 384
1 32 32 32 32 2976 416
1 32 64 32 32 2976 448
1 32 0 32 32 3008 288
1 32 32 32 32 3008 320
1 32 32 32 32 3008 352
1 32 32 32 32 3008 384
1 32 32 32 32 3008 416
1 32 64 32 32 3008 448
1 0 0 32 32 3040 256
1 32 32 32 32 3040 288
1 32 32 32 32 3040 320
1 32 32 32 32 3040 352
1 32 32 32 32 3040 384
1 32 32 32 32 3040 416
1 32 64 32 32 3040 448
1 32 0 32 32 3072 256
1 32 32 32 32 3072 288
1 32 32 32 32 3072 320
1 32 32 32 32 3072 352
1 32 32 32 32 3072 384
1 32 32 32 32 3072 416
1 32 64 32 32 3072 448
1 32 0 32 32 3104 256
1 32 32 32 32 3104 288
1 32 32 32 32 3104 320
1 32 32 32 32 3104 352
1 32 32 32 32 3104 384
1 32 32 32 32 3104 416
1 32 64 32 32 3104 448
1 64 0 32 32 3136 256
1 32 32 32 32 3136 288
1 32 32 32 32 3136 320
1 32 32 32 32 3136 352
1 32 32 32 32 3136 384
1 32 32 32 32 3136 416
1 32 64 32 32 3136 448
1 64 0 32 32 3168 288
1 32 32 32 32 3168 320
1 32 32 32 32 3168 352
1 32 32 32 32 3168 384
1 32 32 32 32 3168 416
1 32 64 32 32 3168 448
1 32 0 32 32 3200 320
1 32 32 32 32 3200 352
1 32 32 32 32 3200 384
1 32 32 32 32 3200 416
1 32 64 32 32 3200 448
1 32 0 32 32 3232 320
1 32 32 32 32 3232 352
1 32 32 32 32 3232 384
1 32 32 32 32 3232 416
1 32 64 32 32 3232 448
1 32 0 32 32 3264 320
1 32 32 32 32 3264 352
1 32 32 32 32 3264 384
1 32 32 32 32 3264 416
1 32 64 32 32 3264 448
1 32 0 32 32 3296 320
1 32 32 32 32 3296 352
1 32 32 32 32 3296 384
1 32 32 32 32 3296 416
1 32 64 32 32 3296 448
1 32 0 32 32 3328 320
1 32 32 32 32 3328 352
1 32 32 32 32 3328 384
1 32 32 32 32 3328 416
1 32 64 32 32 3328 448
1 32 0 32 32 3360 320
1 32 32 32 32 3360 352
1 32 32 32 32 3360 384
1 32 32 32 32 3360 416
1 32 64 32 32 3360 448
1 32 0 32 32 3392 320
1 32 32 32 32 3392 352
1 32 32 32 32 3392 384
1 32 32 32 32 3392 416
1 32 64 32 32 3392 448
1 0 0 32 32 3424 288
1 32 32 32 32 3424 320
1 32 32 32 32 3424 352
1 32 32 32 32 3424 384
1 32 32 32 32 3424 416
1 32 64 32 32 3424 448
1 32 0 32 32 3456 288
1 32 32 32 32 3456 320
1 32 32 32 32 3456 352
1 32 32 32 32 3456 384
1 32 32 32 32 3456 416
1 32 64 32 32 3456 448
1 32 0 32 32 3488 288
1 32 32 32 32 3488 320
1 32 32 32 32 3488 352
1 32 32 32 32 3488 384
1 32 32 32 32 3488 416
1 32 64 32 32 3488 448
1 0 0 32 32 3520 256
1 32 32 32 32 3520 288
1 32 32 32 32 3520 320
1 32 32 32 32 3520 352
1 32 32 32 32 3520 384
1 32 32 32 32 3520 416
1 32 64 32 32 3520 448
1 32 0 32 32 3552 256
1 32 32 32 32 3552 288
1 32 32 32 32 3552 320
1 32 32 32 32 3552 352
1 32 32 32 32 3552 384
1 32 32 32 32 3552 416
1 32 64 32 32 3552 448
1 0 0 32 32 3584 224
1 32 32 32 32 3584 256
1 32 32 32 32 3584 288
1 32 32 32 32 3584 320
1 32 32 32 32 3584 352
1 32 32 32 32 3584 384
1 32 32 32 32 3584 416
1 32 64 32 32 3584 448
1 32 0 32 32 3616 224
1 32 32 32 32 3616 256
1 32 32 32 32 3616 288
1 32 32 32 32 3616 320
1 32 32 32 32 3616 352
1 32 32 32 32 3616 384
1 32 32 32 32 3616 416
1 32 64 32 32 3616 448
1 32 0 32 32 3648 224
1 32 32 32 32 3648 256
1 32 32 32 32 3648 288
1 32 32 32 32 3648 320
1 32 32 32 32 3648 352
1 32 32 32 32 3648 384
1 32 32 32 32 3648 416
1 32 64 32 32 3648 448
1 32 0 32 32 3680 224
1 32 32 32 32 3680 256
1 32 32 32 32 3680 288
1 32 32 32 32 3680 320
1 32 32 32 32 3680 352
1 32 32 32 32 3680 384
1 32 32 32 32 3680 416
1 32 64 32 32 3680 448
1 0 0 32 32 3712 192
1 32 32 32 32 3712 224
1 32 32 32 32 3712 256
1 32 32 32 32 3712 288
1 32 32 32 32 3712 320
1 32 32 32 32 3712 352
1 32 32 32 32 3712 384
1 32 32 32 32 3712 416
1 32 64 32 32 3712 448
1 32 0 32 32 3744 192
1 32 32 32 32 3744 224
1 32 32 32 32 3744 256
1 32 32 32 32 3744 288
1 32 32 32 32 3744 320
1 32 32 32 32 3744 352
1 32 32 32 32 3744 384
1 32 32 32 32 3744 416
1 32 64 32 32 3744 448
1 32 0 32 32 3776 192
1 32 32 32 32 3776 224
1 32 32 32 32 3776 256
1 32 32 32 32 3776 288
1 32 32 32 32 3776 320
1 32 32 32 32 3776 352
1 32 32 32 32 3776 384
1 32 32 32 32 3776 416
1 32 64 32 32 3776 448
1 32 0 32 32 3808 192
1 32 32 32 32 3808 224
1 32 32 32 32 3808 256
1 32 32 32 32 3808 288
1 32 32 32 32 3808 320
1 32 32 32 32 3808 352
1 32 32 32 32 3808 384
1 32 32 32 32 3808 416
1 32 64 32 32 3808 448
1 64 0 32 32 3840 192
1 32 32 32 32 3840 224
1 32 32 32 32 3840 256
1 32 32 32 32 3840 288
1 32 32 32 32 3840 320
1 32 32 32 32 3840 352
1 32 32 32 32 3840 384
1 32 32 32 32 3840 416
1 32 64 32 32 3840 448
1 32 0 32 32 3872 224
1 32 32 32 32 3872 256
1 32 32 32 32 3872 288
1 32 32 32 32 3872 320
1 32 32 32 32 3872 352
1 32 32 32 32 3872 384
1 32 32 32 32 3872 416
1 32 64 32 32 3872 448
1 64 0 32 32 3904 224
1 32 32 32 32 3904 256
1 32 32 32 32 3904 288
1 32 32 32 32 3904 320
1 32 32 32 32 3904 352
1 32 32 32 32 3904 384
1 32 32 32 32 3904 416
1 32 64 32 32 3904 448
1 32 0 32 32 3936 256
1 32 32 32 32 3936 288
1 32 32 32 32 3936 320
1 32 32 32 32 3936 352
1 32 32 32 32 3936 384
1 32 32 32 32 3936 416
1 32 64 32 32 3936 448
1 32 0 32 32 3968 256
1 32 32 32 32 3968 288
1 32 32 32 32 3968 320
1 32 32 32 32 3968 352
1 32 32 32 32 3968 384
1 32 32 32 32 3968 416
1 32 64 32 32 3968 448
1 32 0 32 32 4000 256
1 32 32 32 32 4000 288
1 32 32 32 32 4000 320
1 32 32 32 32 4000 352
1 32 32 32 32 4000 384
1 32 32 32 32 4000 416
1 32 64 32 32 4000 448
1 32 0 32 32 4032 256
1 32 32 32 32 4032 288
1 32 32 32 32 4032 320
1 32 32 32 32 4032 352
1 32 32 32 32 4032 384
1 32 32 32 32 4032 416
1 32 64 32 32 4032 448
1 32 0 32 32 4064 256
1 32 32 32 32 4064 288
1 32 32 32 32 4064 320
1 32 32 32 32 4064 352
1 32 32 32 32 4064 384
1 32 32 32 32 4064 416
1 32 64 32 32 4064 448
1 64 0 32 32 4096 256
1 32 32 32 32 4096 288
1 32 32 32 32 4096 320
1 32 32 32 32 4096 352
1 32 32 32 32 4096 384
1 32 32 32 32 4096 416
1 32 64 32 32 4096 448
1 32 0 32 32 4128 288
1 32 32 32 32 4128 320
1 32 32 32 32 4128 352
1 32 32 32 32 4128 384
1 32 32 32 32 4128 416
1 32 64 32 32 4128 448
1 32 0 32 32 4160 288
1 32 32 32 32 4160 320
1 32 32 32 32 4160 352
1 32 32 32 32 4160 384
1 32 32 32 32 4160 416
1 32 64 32 32 4160 448
1 32 0 32 32 4192 288
1 32 32 32 32 4192 320
1 32 32 32 32 4192 352
1 32 32 32 32 4192 384
1 32 32 32 32 4192 416
1 32 64 32 32 4192 448
1 32 0 32 32 4224 288
1 32 32 32 32 4224 320
1 32 32 32 32 4224 352
1 32 32 32 32 4224 384
1 32 32 32 32 4224 416
1 32 64 32 32 4224 448
1 32 0 32 32 4256 288
1 32 32 32 32 4256 320
1 32 32 32 32 4256 352
1 32 32 32 32 4256 384
1 32 32 32 32 4256 416
1 32 64 32 32 4256 448
1 32 0 32 32 4288 288
1 32 32 32 32 4288 320
1 32 32 32 32 4288 352
1 32 32 32 32 4288 384
1 32 32 32 32 4288 416
1 32 64 32 32 4288 448
1 32 0 32 32 4320 288
1 32 32 32 32 4320 320
1 32 32 32 32 4320 352
1 32 32 32 32 4320 384
1 32 32 32 32 4320 416
1 32 64 32 32 4320 448
1 0 96 32 32 4352 160
1 32 0 32 32 4352 288
1 32 32 32 32 4352 320
1 32 32 32 32 4352 352
1 32 32 32 32 4352 384
1 32 32 32 32 4352 416
1 32 64 32 32 4352 448
1 32 96 32 32 4384 160
1 32 0 32 32 4384 288
1 32 32 32 32 4384 320
1 32 32 32 32 4384 352
1 32 32 32 32 4384 384
1 32 32 32 32 4384 416
1 32 64 32 32 4384 448
1 32 96 32 32 4416 160
1 64 0 32 32 4416 288
1 32 32 32 32 4416 320
1 32 32 32 32 4416 352
1 32 32 32 32 4416 384
1 32 32 32 32 4416 416
1 32 64 32 32 4416 448
1 64 96 32 32 4448 160
1 32 0 32 32 4448 320
1 32 32 32 32 4448 352
1 32 32 32 32 4448 384
1 32 32 32 32 4448 416
1 32 64 32 32 4448 448
1 32 0 32 32 4480 320
1 32 32 32 32 4480 352
1 32 32 32 32 4480 384
1 32 32 32 32 4480 416
1 32 64 32 32 4480 448
1 32 0 32 32 4512 320
1 32 32 32 32 4512 352
1 32 32 32 32 4512 384
1 32 32 32 32 4512 416
1 32 64 32 32 4512 448
1 32 0 32 32 4544 320
1 32 32 32 32 4544 352
1 32 32 32 32 4544 384
1 32 32 32 32 4544 416
1 32 64 32 32 4544 448
1 0 0 32 32 4576 256
1 0 32 32 32 4576 288
1 32 32 32 32 4576 320
1 32 32 32 32 4576 352
1 32 32 32 32 4576 384
1 32 32 32 32 4576 416
1 32 64 32 32 4576 448
1 0 0 32 32 4608 192
1 0 32 32 32 4608 224
1 32 32 32 32 4608 256
1 32 32 32 32 4608 288
1 32 32 32 32 4608 320
1 32 32 32 32 4608 352
1 32 32 32 32 4608 384
1 32 32 32 32 4608 416
1 32 64 32 32 4608 448
1 32 0 32 32 4640 192
1 32 32 32 32 4640 224
1 32 32 32 32 4640 256
1 32 32 32 32 4640 288
1 32 32 32 32 4640 320
1 32 32 32 32 4640 352
1 32 32 32 32 4640 384
1 32 32 32 32 4640 416
1 32 64 32 32 4640 448
1 64 0 32 32 4672 192
1 64 32 32 32 4672 224
1 32 32 32 32 4672 256
1 32 32 32 32 4672 288
1 32 32 32 32 4672 320
1 32 32 32 32 4672 352
1 32 32 32 32 4672 384
1 32 32 32 32 4672 416
1 32 64 32 32 4672 448
1 64 0 32 32 4704 256
1 32 32 32 32 4704 288
1 32 32 32 32 4704 320
1 32 32 32 32 4704 352
1 32 32 32 32 4704 384
1 32 32 32 32 4704 416
1 32 64 32 32 4704 448
1 32 0 32 32 4736 288
1 32 32 32 32 4736 320
1 32 32 32 32 4736 352
1 32 32 32 32 4736 384
1 32 32 32 32 4736 416
1 32 64 32 32 4736 448
1 32 0 32 32 4768 288
1 32 32 32 32 4768 320
1 32 32 32 32 4768 352
1 32 32 32 32 4768 384
1 32 32 32 32 4768 416
1 32 64 32 32 4768 448
1 32 0 32 32 4800 288
1 32 32 32 32 4800 320
1 32 32 32 32 4800 352
1 32 32 32 32 4800 384
1 32 32 32 32 4800 416
1 32 64 32 32 4800 448
1 32 0 32 32 4832 288
1 32 32 32 32 4832 320
1 32 32 32 32 4832 352
1 32 32 32 32 4832 384
1 32 32 32 32 4832 416
1 32 64 32 32 4832 448
1 32 0 32 32 4864 288
1 32 32 32 32 4864 320
1 32 32 32 32 4864 352
1 32 32 32 32 4864 384
1 32 32 32 32 4864 416
1 32 64 32 32 4864 448
1 0 0 32 32 4896 256
1 32 32 32 32 4896 288
1 32 32 32 32 4896 320
1 32 32 32 32 4896 352
1 32 32 32 32 4896 384
1 32 32 32 32 4896 416
1 32 64 32 32 4896 448
1 32 0 32 32 4928 256
1 32 32 32 32 4928 288
1 32 32 32 32 4928 320
1 32 32 32 32 4928 352
1 32 32 32 32 4928 384
1 32 32 32 32 4928 416
1 32 64 32 32 4928 448
1 32 0 32 32 4960 256
1 32 32 32 32 4960 288
1 32 32 32 32 4960 320
1 32 32 32 32 4960 352
1 32 32 32 32 4960 384
1 32 32 32 32 4960 416
1 32 64 32 32 4960 448
1 32 0 32 32 4992 256
1 32 32 32 32 4992 288
1 32 32 32 32 4992 320
1 32 32 32 32 4992 352
1 32 32 32 32 4992 384
1 32 32 32 32 4992 416
1 32 64 32 32 4992 448
1 32 0 32 32 5024 256
1 32 32 32 32 5024 288
1 32 32 32 32 5024 320
1 32 32 32 32 5024 352
1 32 32 32 32 5024 384
1 32 32 32 32 5024 416
1 32 64 32 32 5024 448
1 0 0 32 32 5056 224
1 32 32 32 32 5056 256
1 32 32 32 32 5056 288
1 32 32 32 32 5056 320
1 32 32 32 32 5056 352
1 32 32 32 32 5056 384
1 32 32 32 32 5056 416
1 32 64 32 32 5056 448
1 32 0 32 32 5088 224
1 32 32 32 32 5088 256
1 32 32 32 32 5088 288
1 32 32 32 32 5088 320
1 32 32 32 32 5088 352
1 32 32 32 32 5088 384
1 32 32 32 32 5088 416
1 32 64 32 32 5088 448
1 32 0 32 32 5120 224
1 32 32 32 32 5120 256
1 32 32 32 32 5120 288
1 32 32 32 32 5120 320
1 32 32 32 32 5120 352
1 32 32 32 32 5120 384
1 32 32 32 32 5120 416
1 32 64 32 32 5120 448
1 64 0 32 32 5152 224
1 64 32 32 32 5152 256
1 32 32 32 32 5152 288
1 32 32 32 32 5152 320
1 32 32 32 32 5152 352
1 32 32 32 32 5152 384
1 32 32 32 32 5152 416
1 32 64 32 32 5152 448
1 32 0 32 32 5184 288
1 32 32 32 32 5184 320
1 32 32 32 32 5184 352
1 32 32 32 32 5184 384
1 32 32 32 32 5184 416
1 32 64 32 32 5184 448
1 32 0 32 32 5216 288
1 32 32 32 32 5216 320
1 32 32 32 32 5216 352
1 32 32 32 32 5216 384
1 32 32 32 32 5216 416
1 32 64 32 32 5216 448
1 32 0 32 32 5248 288
1 32 32 32 32 5248 320
1 32 32 32 32 5248 352
1 32 32 32 32 5248 384
1 32 32 32 32 5248 416
1 32 64 32 32 5248 448
1 32 0 32 32 5280 288
1 32 32 32 32 5280 320
1 32 32 32 32 5280 352
1 32 32 32 32 5280 384
1 32 32 32 32 5280 416
1 32 64 32 32 5280 448
1 32 0 32 32 5312 288
1 32 32 32 32 5312 320
1 32 32 32 32 5312 352
1 32 32 32 32 5312 384
1 32 32 32 32 5312 416
1 32 64 32 32 5312 448
1 32 0 32 32 5344 288
1 32 32 32 32 5344 320
1 32 32 32 32 5344 352
1 32 32 32 32 5344 384
1 32 32 32 32 5344 416
1 32 64 32 32 5344 448
1 32 0 32 32 5376 288
1 32 32 32 32 5376 320
1 32 32 32 32 5376 352
1 32 32 32 32 5376 384
1 32 32 32 32 5376 416
1 32 64 32 32 5376 448
1 32 0 32 32 5408 288
1 32 32 32 32 5408 320
1 32 32 32 32 5408 352
1 32 32 32 32 5408 384
1 32 32 32 32 5408 416
1 32 64 32 32 5408 448
1 32 0 32 32 5440 288
1 32 32 32 32 5440 320
1 32 32 32 32 5440 352
1 32 32 32 32 5440 384
1 32 32 32 32 5440 416
1 32 64 32 32 5440 448
1 32 0 32 32 5472 288
1 32 32 32 32 5472 320
1 32 32 32 32 5472 352
1 32 32 32 32 5472 384
1 32 32 32 32 5472 416
1 32 64 32 32 5472 448
1 0 0 32 32 5504 256
1 32 32 32 32 5504 288
1 32 32 32 32 5504 320
1 32 32 32 32 5504 352
1 32 32 32 32 5504 384
1 32 32 32 32 5504 416
1 32 64 32 32 5504 448
1 0 0 32 32 5536 224
1 32 32 32 32 5536 256
1 32 32 32 32 5536 288
1 32 32 32 32 5536 320
1 32 32 32 32 5536 352
1 32 32 32 32 5536 384
1 32 32 32 32 5536 416
1 32 64 32 32 5536 448
1 32 0 32 32 5568 224
1 32 32 32 32 5568 256
1 32 32 32 32 5568 288
1 32 32 32 32 5568 320
1 32 32 32 32 5568 352
1 32 32 32 32 5568 384
1 32 32 32 32 5568 416
1 32 64 32 32 5568 448
1 32 0 32 32 5600 224
1 32 32 32 32 5600 256
1 32 32 32 32 5600 288
1 32 32 32 32 5600 320
1 32 32 32 32 5600 352
1 32 32 32 32 5600 384
1 32 32 32 32 5600 416
1 32 64 32 32 5600 448
1 0 0 32 32 5632 192
1 32 32 32 32 5632 224
1 32 32 32 32 5632 256
1 32 32 32 32 5632 288
1 32 32 32 32 5632 320
1 32 32 32 32 5632 352
1 32 32 32 32 5632 384
1 32 32 32 32 5632 416
1 32 64 32 32 5632 448
1 32 0 32 32 5664 192
1 32 32 32 32 5664 224
1 32 32 32 32 5664 256
1 32 32 32 32 5664 288
1 32 32 32 32 5664 320
1 32 32 32 32 5664 352
1 32 32 32 32 5664 384
1 32 32 32 32 5664 416
1 32 64 32 32 5664 448
1 32 0 32 32 5696 192
1 32 32 32 32 5696 224
1 32 32 32 32 5696 256
1 32 32 32 32 5696 288
1 32 32 32 32 5696 320
1 32 32 32 32 5696 352
1 32 32 32 32 5696 384
1 32 32 32 32 5696 416
1 32 64 32 32 5696 448
1 32 0 32 32 5728 192
1 32 32 32 32 5728 224
1 32 32 32 32 5728 256
1 32 32 32 32 5728 288
1 32 32 32 32 5728 320
1 32 32 32 32 5728 352
1 32 32 32 32 5728 384
1 32 32 32 32 5728 416
1 32 64 32 32 5728 448
1 32 0 32 32 5760 192
1 32 32 32 32 5760 224
1 32 32 32 32 5760 256
1 32 32 32 32 5760 288
1 32 32 32 32 5760 320
1 32 32 32 32 5760 352
1 32 32 32 32 5760 384
1 32 32 32 32 5760 416
1 32 64 32 32 5760 448
1 32 0 32 32 5792 192
1 32 32 32 32 5792 224
1 32 32 32 32 5792 256
1 32 32 32 32 5792 288
1 32 32 32 32 5792 320
1 32 32 32 32 5792 352
1 32 32 32 32 5792 384
1 32 32 32 32 5792 416
1 32 64 32 32 5792 448
1 96 0 32 32 5824 160
1 32 32 32 32 5824 192
1 32 32 32 32 5824 224
1 32 32 32 32 5824 256
1 32 32 32 32 5824 288
1 32 32 32 32 5824 320
1 32 32 32 32 5824 352
1 32 32 32 32 5824 384
1 32 32 32 32 5824 416
1 32 64 32 32 5824 448
1 32 0 32 32 5856 192
1 32 32 32 32 5856 224
1 32 32 32 32 5856 256
1 32 32 32 32 5856 288
1 32 32 32 32 5856 320
1 32 32 32 32 5856 352
1 32 32 32 32 5856 384
1 32 32 32 32 5856 416
1 32 64 32 32 5856 448
1 32 0 32 32 5888 192
1 32 32 32 32 5888 224
1 32 32 32 32 5888 256
1 32 32 32 32 5888 288
1 32 32 32 32 5888 320
1 32 32 32 32 5888 352
1 32 32 32 32 5888 384
1 32 32 32 32 5888 416
1 32 64 32 32 5888 448
1 0 0 32 32 5920 160
1 32 32 32 32 5920 192
1 32 32 32 32 5920 224
1 32 32 32 32 5920 256
1 32 32 32 32 5920 288
1 32 32 32 32 5920 320
1 32 32 32 32 5920 352
1 32 32 32 32 5920 384
1 32 32 32 32 5920 416
1 32 64 32 32 5920 448
1 32 0 32 32 5952 160
1 32 32 32 32 5952 192
1 32 32 32 32 5952 224
1 32 32 32 32 5952 256
1 32 32 32 32 5952 288
1 32 32 32 32 5952 320
1 32 32 32 32 5952 352
1 32 32 32 32 5952 384
1 32 32 32 32 5952 416
1 32 64 32 32 5952 448
1 96 0 32 32 5984 128
1 64 32 32 32 5984 160
1 32 32 32 32 5984 192
1 32 32 32 32 5984 224
1 32 32 32 32 5984 256
1 32 32 32 32 5984 288
1 32 32 32 32 5984 320
1 32 32 32 32 5984 352
1 32 32 32 32 5984 384
1 32 32 32 32 5984 416
1 32 64 32 32 5984 448
1 32 0 32 32 6016 192
1 32 32 32 32 6016 224
1 32 32 32 32 6016 256
1 32 32 32 32 6016 288
1 32 32 32 32 6016 320
1 32 32 32 32 6016 352
1 32 32 32 32 6016 384
1 32 32 32 32 6016 416
1 32 64 32 32 6016 448
1 32 0 32 32 6048 192
1 32 32 32 32 6048 224
1 32 32 32 32 6048 256
1 32 32 32 32 6048 288
1 32 32 32 32 6048 320
1 32 32 32 32 6048 352
1 32 32 32 32 6048 384
1 32 32 32 32 6048 416
1 32 64 32 32 6048 448
1 64 0 32 32 6080 192
1 32 32 32 32 6080 224
1 32 32 32 32 6080 256
1 32 32 32 32 6080 288
1 32 32 32 32 6080 320
1 32 32 32 32 6080 352
1 32 32 32 32 6080 384
1 32 32 32 32 6080 416
1 32 64 32 32 6080 448
1 32 0 32 32 6112 224
1 32 32 32 32 6112 256
1 32 32 32 32 6112 288
1 32 32 32 32 6112 320
1 32 32 32 32 6112 352
1 32 32 32 32 6112 384
1 32 32 32 32 6112 416
1 32 64 32 32 6112 448
1 32 0 32 32 6144 224
1 32 32 32 32 6144 256
1 32 32 32 32 6144 288
1 32 32 32 32 6144 320
1 32 32 32 32 6144 352
1 32 32 32 32 6144 384
1 32 32 32 32 6144 416
1 32 64 32 32 6144 448
1 64 0 32 32 6176 224
1 64 32 32 32 6176 256
1 64 32 32 32 6176 288
1 64 32 32 32 6176 320
1 64 32 32 32 6176 352
1 64 32 32 32 6176 384
1 64 32 32 32 6176 416
1 64 64 32 32 6176 448
1 0 0 32 32 6368 0
1 0 32 32 32 6368 32
1 0 32 32 32 6368 64
1 0 32 32 32 6368 96
1 0 32 32 32 6368 128
1 0 32 32 32 6368 160
1 0 32 32 32 6368 192
1 0 32 32 32 6368 224
1 0 32 32 32 6368 256
1 0 32 32 32 6368 288
1 0 32 32 32 6368 320
1 0 32 32 32 6368 352
1 0 32 32 32 6368 384
1 0 32 32 32 6368 416
1 0 64 32 32 6368 448
1 32 0 32 32 6400 0
1 32 32 32 32 6400 32
1 32 32 32 32 6400 64
1 32 32 32 32 6400 96
1 32 32 32 32 6400 128
1 32 32 32 32 6400 160
1 32 32 32 32 6400 192
1 32 32 32 32 6400 224
1 32 32 32 32 6400 256
1 32 32 32 32 6400 288
1 32 32 32 32 6400 320
1 32 32 32 32 6400 352
1 32 32 32 32 6400 384
1 32 32 32 32 6400 416
1 32 64 32 32 6400 448
1 32 0 32 32 6432 0
1 32 32 32 32 6432 32
1 32 32 32 32 6432 64
1 32 32 32 32 6432 96
1 32 32 32 32 6432 128
1 32 32 32 32 6432 160
1 32 32 32 32 6432 192
1 32 32 32 32 6432 224
1 32 32 32 32 6432 256
1 32 32 32 32 6432 288
1 32 32 32 32 6432 320
1 32 32 32 32 6432 352
1 32 32 32 32 6432 384
1 32 32 32 32 6432 416
1 32 64 32 32 6432 448
1 32 0 32 32 6464 0
1 32 32 32 32 6464 32
1 32 32 32 32 6464 64
1 32 32 32 32 6464 96
1 32 32 32 32 6464 128
1 32 32 32 32 6464 160
1 32 32 32 32 6464 192
1 32 32 32 32 6464 224
1 32 32 32 32 6464 256
1 32 32 32 32 6464 288
1 32 32 32 32 6464 320
1 32 32 32 32 6464 352
1 32 32 32 32 6464 384
1 32 32 32 32 6464 416
1 32 64 32 32 6464 448
1 32 0 32 32 6496 0
1 32 32 32 32 6496 32
1 32 32 32 32 6496 64
1 32 32 32 32 6496 96
1 32 32 32 32 6496 128
1 32 32 32 32 6496 160
1 32 32 32 32 6496 192
1 32 32 32 32 6496 224
1 32 32 32 32 6496 256
1 32 32 32 32 6496 288
1 32 32 32 32 6496 320
1 32 32 32 32 6496 352
1 32 32 32 32 6496 384
1 32 32 32 32 6496 416
1 32 64 32 32 6496 448
1 32 0 32 32 6528 0
1 32 32 32 32 6528 32
1 32 32 32 32 6528 64
1 32 32 32 32 6528 96
1 32 32 32 32 6528 128
1 32 32 32 32 6528 160
1 32 32 32 32 6528 192
1 32 32 32 32 6528 224
1 32 32 32 32 6528 256
1 32 32 32 32 6528 288
1 32 32 32 32 6528 320
1 32 32 32 32 6528 352
1 32 32 32 32 6528 384
1 32 32 32 32 6528 416
1 32 64 32 32 6528 448
1 32 0 32 32 6560 0
1 32 32 32 32 6560 32
1 32 32 32 32 6560 64
1 32 32 32 32 6560 96
1 32 32 32 32 6560 128
1 32 32 32 32 6560 160
1 32 32 32 32 6560 192
1 32 32 32 32 6560 224
1 32 32 32 32 6560 256
1 32 32 32 32 6560 288
1 32 32 32 32 6560 320
1 32 32 32 32 6560 352
1 32 32 32 32 6560 384
1 32 32 32 32 6560 416
1 32 64 32 32 6560 448
1 32 0 32 32 6592 0
1 32 32 32 32 6592 32
1 32 32 32 32 6592 64
1 32 32 32 32 6592 96
1 32 32 32 32 6592 128
1 32 32 32 32 6592 160
1 32 32 32 32 6592 192
1 32 32 32 32 6592 224
1 32 32 32 32 6592 256
1 32 32 32 32 6592 288
1 32 32 32 32 6592 320
1 32 32 32 32 6592 352
1 32 32 32 32 6592 384
1 32 32 32 32 6592 416
1 32 64 32 32 6592 448
1 32 0 32 32 6624 0
1 32 32 32 32 6624 32
1 32 32 32 32 6624 64
1 32 32 32 32 6624 96
1 32 32 32 32 6624 128
1 32 32 32 32 6624 160
1 32 32 32 32 6624 192
1 32 32 32 32 6624 224
1 32 32 32 32 6624 256
1 32 32 32 32 6624 288
1 32 32 32 32 6624 320
1 32 32 32 32 6624 352
1 32 32 32 32 6624 384
1 32 32 32 32 6624 416
1 32 64 32 32 6624 448
